
h =

     1


m =

   5.4257e-04


h =

     1


m =

   5.4257e-04


h =

     1


m =

   5.4257e-04


h =

     1


m =

   5.4257e-04


h =

     1


m =

   5.4257e-04


h =

     0


m =

    0.9374


h =

     0


m =

    0.9374


h =

     0


m =

    0.9374


h =

     0


m =

    0.9374


h =

     0


m =

    0.9374


h =

     0


m =

    0.9374


h =

     0


m =

    0.9374


h =

     0


m =

    0.9374


h =

     0


m =

    0.9374


h =

     0


m =

    0.9374


h =

     0


m =

    0.9374


h =

     0


m =

    0.9374


h =

     0


m =

    0.9374


h =

     0


m =

    0.9374

